===============================================================================
 Language            Files        Lines         Code     Comments       Blanks
===============================================================================
 C                       3           39           30            0            9
 C Header                8          219          103           65           51
 CMake                   8          522          337          107           78
 Clojure                 3          100           83            0           17
 C++                     8          593          426           53          114
 CSS                    14         4850         3590          577          683
 D                       1            6            5            0            1
 Dart                    1           30           14           10            6
 Dockerfile              3           33           21            0           12
 Edn                     2           29           29            0            0
 Elixir                 12          173          138           19           16
 F#                      1            2            1            1            0
 Gleam                   5          164          134            4           26
 Go                      5          246          167           27           52
 Haxe                    4           72           61            0           11
 JavaScript             26        33555        32730          255          570
 JSON                  106         1929         1929            0            0
 Kotlin                  1            6            4            0            2
 Lua                     3           76           66            6            4
 MSBuild                 1           13           10            0            3
 Nim                     6          108           73           10           25
 Nix                     2           28           20            0            8
 OCaml                   6           66           48            6           12
 Odin                    1          150          102           18           30
 Python                  7           32           25            0            7
 Racket                  6          101           80            2           19
 Rust                    3          108           86            1           21
 Shell                   2            6            4            1            1
 SVG                     8           23           23            0            0
 Swift                   6           71           50            7           14
 Plain Text              1           46            0           33           13
 TOML                   11          203           96           73           34
 TSX                    23          692          610           26           56
 TypeScript             54         1218          860          134          224
 Vim script              5          136          105            2           29
 Xcode Config            8           35           24            8            3
 XML                     7          110           62           46            2
 YAML                   11         8417         7157           83         1177
 Zig                     4          111           49           42           20
-------------------------------------------------------------------------------
 HTML                   15          300          252           27           21
 |- CSS                  3           33           31            0            2
 |- JavaScript           3          148           91           14           43
 (Total)                            481          374           41           66
-------------------------------------------------------------------------------
 Markdown               38         1265            0          831          434
 |- Elixir               2           11            9            1            1
 (Total)                           1276            9          832          435
===============================================================================
 Total                 439        55883        49604         2474         3805
===============================================================================
