===============================================================================
 Language            Files        Lines         Code     Comments       Blanks
===============================================================================
 C                       3           39           30            0            9
 C Header                8          219          103           65           51
 CMake                   8          522          337          107           78
 Clojure                 3          100           83            0           17
 C++                     8          593          426           53          114
 CSS                    16         5938         4322          743          873
 D                       1            6            5            0            1
 Dart                    1           30           14           10            6
 Dockerfile              6           63           39            2           22
 Edn                     2           29           29            0            0
 Elixir                 15          230          183           26           21
 Erlang                  1            5            4            0            1
 F#                      1            2            1            1            0
 Gleam                  63         1849         1531           48          270
 Go                      5          246          167           27           52
 Haxe                    4           72           61            0           11
 JavaScript             32        39638        38743          289          606
 JSON                  109         2009         2006            0            3
 Kotlin                  1            6            4            0            2
 Lua                     3           76           66            6            4
 MSBuild                 1           13           10            0            3
 Nim                     6          108           73           10           25
 Nix                     5          237          130           80           27
 OCaml                   6           66           48            6           12
 Odin                    1          150          102           18           30
 Python                  7           32           25            0            7
 Racket                  6          101           80            2           19
 Rust                   17          686          531           23          132
 Shell                   3           36           29            2            5
 SVG                     8           23           23            0            0
 Swift                   6           71           50            7           14
 Plain Text              1           46            0           33           13
 TOML                   53         1046          653          259          134
 TSX                    27          744          656           27           61
 TypeScript             63         1372          974          136          262
 Vim script              5          136          105            2           29
 Xcode Config            8           35           24            8            3
 XML                     7          110           62           46            2
 YAML                   15         8778         7463           86         1229
 Zig                     4          111           49           42           20
-------------------------------------------------------------------------------
 HTML                   19          352          287           41           24
 |- CSS                  4           34           32            0            2
 |- JavaScript           3          148           91           14           43
 (Total)                            534          410           55           69
-------------------------------------------------------------------------------
 Markdown               60         1849            0         1241          608
 |- Elixir               3           17           13            2            2
 |- Gleam                9           53           36            8            9
 (Total)                           1919           49         1251          619
===============================================================================
 Total                 618        67774        59528         3446         4800
===============================================================================
