===============================================================================
 Language            Files        Lines         Code     Comments       Blanks
===============================================================================
 GNU Style Assembly      1            9            9            0            0
 C                       4           76           61            0           15
 C Header               17          444          211          130          103
 CMake                  15         1077          692          220          165
 C++                    16         1238          872          124          242
 CSS                    19         6133         4495          743          895
 D                       1            6            5            0            1
 Dart                    2           60           28           20           12
 Dockerfile              8           75           45            3           27
 Elixir                 19          311          245           30           36
 Erlang                  2           40           16           13           11
 F#                      1            2            1            1            0
 Gleam                 148         3737         2990          183          564
 Go                      5          246          167           27           52
 Haxe                    1           18           15            0            3
 Java                    1           27           19            0            8
 JavaScript             39        40016        39074          306          636
 JSON                   56         2295         2290            0            5
 Kotlin                  2           10            6            0            4
 Lua                     3           76           66            6            4
 MSBuild                 1           13           10            0            3
 Nim                     8          115           79           10           26
 Nix                     1           13           10            0            3
 OCaml                   6           66           48            6           12
 Odin                    1          150          102           18           30
 Python                  9           95           67            5           23
 Rust                   21          843          658           33          152
 Shell                   7           94           69            9           16
 SQL                     1           27           22            0            5
 SVG                    15           43           43            0            0
 Swift                  14          160          109           20           31
 Plain Text              4           52            0           39           13
 TOML                  103         2083         1277          547          259
 TSX                    39          994          869           37           88
 TypeScript             87         1827         1336          161          330
 Vim script              5          136          105            2           29
 Xcode Config           16           70           48           16            6
 XML                    19          302          190          102           10
 YAML                   21         8951         7530          170         1251
 Zig                     4          111           49           42           20
-------------------------------------------------------------------------------
 HTML                   23          432          349           56           27
 |- CSS                  4           34           32            0            2
 |- JavaScript           3          135           80           12           43
 (Total)                            601          461           68           72
-------------------------------------------------------------------------------
 Markdown               91         2361            0         1628          733
 |- Elixir               4           22           18            2            2
 |- Erlang               1           11           11            0            0
 |- Gleam               33          173          108           32           33
 |- TOML                 1            3            3            0            0
 (Total)                           2570          140         1662          768
===============================================================================
 Total                 856        74834        64277         4707         5850
===============================================================================
