===============================================================================
 Language            Files        Lines         Code     Comments       Blanks
===============================================================================
 C                       3           39           30            0            9
 C Header                8          219          103           65           51
 CMake                   8          522          337          107           78
 C#                      4           78           57            3           18
 Clojure                 3          100           83            0           17
 C++                     8          593          426           53          114
 CSS                    16         4920         3646          579          695
 D                       1            6            5            0            1
 Dart                    1           30           14           10            6
 Dockerfile              3           33           21            0           12
 Edn                     2           29           29            0            0
 Elixir                 12          173          138           19           16
 F#                      1            2            1            1            0
 Gleam                   5          164          134            4           26
 Go                      5          246          167           27           52
 Haxe                    5           77           65            0           12
 JavaScript             27        33559        32730          258          571
 JSON                  296         2171         2171            0            0
 Kotlin                  1            6            4            0            2
 Lisp                    3           33           28            0            5
 Lua                     3           76           66            6            4
 Makefile                2           44           36            0            8
 MSBuild                 2           22           17            0            5
 Nim                     6          108           73           10           25
 Nix                    11          719          554           79           86
 OCaml                   6           66           48            6           12
 Odin                    1          150          102           18           30
 Python                  7           32           25            0            7
 Racket                  6          101           80            2           19
 Razor                   8          108          101            0            7
 Rust                    3          108           86            1           21
 Scheme                  6           81           52           15           14
 Shell                   2            6            4            1            1
 SVG                     8           23           23            0            0
 Swift                   6           71           50            7           14
 Plain Text              1           46            0           33           13
 TOML                   11          203           96           73           34
 TSX                    23          692          610           26           56
 TypeScript             55         1225          864          134          227
 Vim script              5          136          105            2           29
 Xcode Config            8           35           24            8            3
 XML                     7          110           62           46            2
 YAML                   11         8417         7157           83         1177
 Zig                     4          111           49           42           20
-------------------------------------------------------------------------------
 HTML                   15          300          252           27           21
 |- CSS                  3           33           31            0            2
 |- JavaScript           3          148           91           14           43
 (Total)                            481          374           41           66
-------------------------------------------------------------------------------
 Markdown               41         1349            0          885          464
 |- Elixir               2           11            9            1            1
 |- Scheme               1            3            2            0            1
 (Total)                           1363           11          886          466
===============================================================================
 Total                 670        57339        50725         2630         3984
===============================================================================
