━━━━━━━━━━━━━━━━━━━━━━━━━━━━━━━━━━━━━━━━━━━━━━━━━━━━━━━━━━━━━━━━━━━━━━━━━━━━━━━━━
 Language              Files        Lines         Code     Comments       Blanks
━━━━━━━━━━━━━━━━━━━━━━━━━━━━━━━━━━━━━━━━━━━━━━━━━━━━━━━━━━━━━━━━━━━━━━━━━━━━━━━━━
 C                         4          147          114            9           24
 C Header                  9          222          105           65           52
 CMake                     8          522          337          107           78
 C#                        4           78           57            3           18
 Clojure                   3           99           83            0           16
 C++                       8          593          426           53          114
 CSS                      17         4925         3649          580          696
 D                         1            6            5            0            1
 Dart                      1           30           14           10            6
 Dockerfile                3           33           21            0           12
 Edn                       2           29           29            0            0
 Elixir                   18          583          333          187           63
 F#                        1            2            1            1            0
 Fennel                    1           34           29            0            5
 Gleam                     7          182          147            5           30
 Go                        5          246          167           27           52
 Haxe                      5           77           65            0           12
 Janet                     1           32           16            2           14
 JavaScript               30        33842        32958          298          586
 JSON                    510         2385         2385            0            0
 Just                      1            8            6            0            2
 Kotlin                    1            6            4            0            2
 Common Lisp               4           50           44            0            6
 Lua                       3           76           66            6            4
 Makefile                  2           44           36            0            8
 MSBuild                   2           22           17            0            5
 Nim                       6          108           73           10           25
 Nix                      20         1740         1395          146          199
 OCaml                     6           66           48            6           12
 Odin                      1          150          102           18           30
 Python                    7           32           25            0            7
 Racket                    8          121           94            2           25
 Razor                     8          108          101            0            7
 ReScript                  1           14           12            0            2
 Rust                      3          108           86            1           21
 Scheme                    6           81           52           15           14
 Shell                     2            6            4            1            1
 SVG                       8           23           23            0            0
 Swift                     6           71           50            7           14
 Plain Text                1           46            0           33           13
 TOML                     13          233          109           85           39
 TSX                      23          692          610           26           56
 TypeScript               57         1269          900          134          235
 Vim Script                6          145          113            2           30
 Xcode Config              8           35           24            8            3
 XML                       7          110           62           46            2
 YAML                     11         8417         7157           83         1177
 Zig                       7          487          290          109           88
─────────────────────────────────────────────────────────────────────────────────
 HTML                     15          300          252           27           21
 |- CSS                    3           33           31            0            2
 |- JavaScript             3          148           91           14           43
 (Total)                              481          374           41           66
─────────────────────────────────────────────────────────────────────────────────
 Markdown                 43         1386            0          911          475
 |- Elixir                 2           11            9            1            1
 |- Gleam                  1            5            3            1            1
 |- Scheme                 1            3            2            0            1
 (Total)                             1405           14          913          478
━━━━━━━━━━━━━━━━━━━━━━━━━━━━━━━━━━━━━━━━━━━━━━━━━━━━━━━━━━━━━━━━━━━━━━━━━━━━━━━━━
 Total                   924        60221        52832         3039         4350
━━━━━━━━━━━━━━━━━━━━━━━━━━━━━━━━━━━━━━━━━━━━━━━━━━━━━━━━━━━━━━━━━━━━━━━━━━━━━━━━━
